0 0.090625 0.471875 0.07265625 0.1265625
0 0.428125 0.39609375 0.03984375 0.06640625
0 0.80390625 0.58125 0.071875 0.10703125
0 0.915625 0.3453125 0.03671875 0.065625
0 0.6765625 0.371875 0.028125 0.05
0 0.24453125 0.3 0.03359375 0.05078125
0 0.1203125 0.33046875 0.03671875 0.05546875
0 0.5984375 0.38046875 0.0296875 0.06015625
0 0.6703125 0.30234375 0.0296875 0.04921875
0 0.7734375 0.34609375 0.028125 0.05703125
0 0.58046875 0.5125 0.05234375 0.08984375
0 0.26171875 0.6546875 0.08046875 0.19765625