0 0.07265625 0.771875 0.11875 0.228125
0 0.8296875 0.59296875 0.078125 0.1390625
0 0.0421875 0.5140625 0.08046875 0.1109375
0 0.7953125 0.4140625 0.046875 0.075
0 0.6453125 0.4078125 0.03046875 0.05703125
0 0.44375 0.440625 0.03828125 0.07109375
0 0.89453125 0.39765625 0.0375 0.0625
0 0.5421875 0.36796875 0.021875 0.04765625
0 0.7484375 0.38515625 0.028125 0.05390625
0 0.334375 0.4171875 0.025 0.04140625
0 0.62578125 0.34375 0.021875 0.04140625
0 0.0609375 0.35703125 0.0375 0.05078125
0 0.9875 0.47421875 0.0234375 0.1
0 0.5546875 0.54609375 0.05390625 0.08046875