0 0.8296875 0.45859375 0.04609375 0.09140625
0 0.125 0.521875 0.078125 0.1375
0 0.053125 0.740625 0.09921875 0.23359375
0 0.10625 0.35390625 0.03984375 0.06953125
0 0.575 0.53515625 0.04921875 0.09296875
0 0.46640625 0.425 0.04375 0.06953125
0 0.56015625 0.3640625 0.0234375 0.05546875
0 0.64765625 0.3328125 0.02578125 0.05390625
0 0.79140625 0.36796875 0.03203125 0.06640625
0 0.95625 0.39296875 0.0421875 0.07265625
0 0.66640625 0.396875 0.03046875 0.05859375
0 0.3421875 0.36640625 0.02421875 0.04140625
0 0.39140625 0.39140625 0.0375 0.08828125
0 0.80390625 0.59921875 0.009375 0.1140625