0 0.909375 0.4265625 0.04765625 0.0859375
0 0.978125 0.64140625 0.0421875 0.146875
0 0.19921875 0.4671875 0.0421875 0.0875
0 0.109375 0.38828125 0.03984375 0.07109375
0 0.8578125 0.40546875 0.03125 0.06640625
0 0.634375 0.4265625 0.0328125 0.05859375
0 0.25859375 0.39453125 0.0328125 0.06953125
0 0.5125 0.37734375 0.02890625 0.04453125
0 0.290625 0.3578125 0.0328125 0.05234375
0 0.72421875 0.36640625 0.0265625 0.05390625
0 0.9640625 0.384375 0.0375 0.06796875
0 0.759375 0.54140625 0.040625 0.09296875
0 0.39375 0.66640625 0.03125 0.1328125
0 0.8265625 0.3734375 0.0109375 0.03359375