0 0.690625 0.6578125 0.07421875 0.12109375
0 0.0625 0.33203125 0.078125 0.13359375
0 0.9421875 0.54453125 0.04609375 0.1
0 0.815625 0.453125 0.03671875 0.0625
0 0.6421875 0.48203125 0.03828125 0.08046875
0 0.51953125 0.41484375 0.0359375 0.07109375
0 0.34921875 0.4859375 0.0390625 0.0640625
0 0.24140625 0.42734375 0.0296875 0.05234375
0 0.56796875 0.45703125 0.02578125 0.05546875
0 0.68046875 0.42890625 0.03203125 0.06484375
0 0.28984375 0.50703125 0.021875 0.040625
0 0.55859375 0.3765625 0.021875 0.03515625
0 0.0203125 0.78125 0.02890625 0.184375