0 0.34375 0.80546875 0.10234375 0.175
0 0.7484375 0.509375 0.07734375 0.12890625
0 0.0515625 0.440625 0.07578125 0.12890625
0 0.1390625 0.2609375 0.04453125 0.09140625
0 0.88828125 0.309375 0.0375 0.06640625
0 0.646875 0.334375 0.02890625 0.05390625
0 0.078125 0.30546875 0.0296875 0.06640625
0 0.253125 0.278125 0.03203125 0.0625
0 0.54921875 0.47734375 0.04609375 0.08828125
0 0.56796875 0.35234375 0.02109375 0.04140625
0 0.74921875 0.31328125 0.025 0.04921875
0 0.42734375 0.390625 0.0375 0.06171875
0 0.3875 0.39140625 0.01875 0.04609375
0 0.6484375 0.25078125 0.01953125 0.028125
0 0.78984375 0.36484375 0.03046875 0.04765625