0 0.56875 0.34296875 0.03984375 0.075
0 0.7296875 0.39765625 0.04453125 0.08203125
0 0.54375 0.509375 0.0375 0.12109375
0 0.8875 0.3890625 0.04140625 0.0640625
0 0.66875 0.290625 0.0359375 0.0640625
0 0.4296875 0.34296875 0.028125 0.05546875
0 0.20703125 0.375 0.0421875 0.078125
0 0.32734375 0.29765625 0.0234375 0.0484375
0 0.0859375 0.3046875 0.02734375 0.0484375
0 0.53046875 0.3171875 0.025 0.05703125
0 0.41328125 0.26640625 0.021875 0.05
0 0.340625 0.45078125 0.04609375 0.05859375
0 0.153125 0.39296875 0.02734375 0.04921875