0 0.8328125 0.4109375 0.04140625 0.0859375
0 0.86875 0.63359375 0.07265625 0.146875
0 0.75 0.3984375 0.03125 0.05859375
0 0.0875 0.43984375 0.0453125 0.090625
0 0.15 0.3640625 0.03828125 0.071875
0 0.184375 0.33359375 0.02734375 0.05546875
0 0.63203125 0.35703125 0.02421875 0.04765625
0 0.4265625 0.3625 0.03125 0.04609375
0 0.0125 0.36484375 0.025 0.07890625
0 0.5484375 0.42421875 0.040625 0.07734375
0 0.7234375 0.3421875 0.0234375 0.05390625
0 0.36171875 0.5625 0.05 0.06640625
0 0.66484375 0.52265625 0.03125 0.08828125
0 0.2671875 0.66171875 0.059375 0.17265625