0 0.55 0.5984375 0.0609375 0.09453125
0 0.575 0.44140625 0.03515625 0.08046875
0 0.909375 0.421875 0.03359375 0.06640625
0 0.73515625 0.4421875 0.0390625 0.07890625
0 0.1125 0.41015625 0.02890625 0.0484375
0 0.66875 0.37890625 0.028125 0.0609375
0 0.22734375 0.46640625 0.040625 0.06953125
0 0.34296875 0.56171875 0.0421875 0.0984375
0 0.46640625 0.425 0.03203125 0.06015625
0 0.375 0.43046875 0.0296875 0.04296875
0 0.18515625 0.44140625 0.034375 0.07734375
0 0.49140625 0.3453125 0.0328125 0.04921875
0 0.5453125 0.37265625 0.021875 0.05078125