0 0.45703125 0.628125 0.0546875 0.11796875
0 0.6765625 0.49609375 0.03828125 0.0890625
0 0.51171875 0.47421875 0.0296875 0.0734375
0 0.95546875 0.63828125 0.053125 0.10390625
0 0.27734375 0.57265625 0.05625 0.07109375
0 0.8375 0.515625 0.05 0.08359375
0 0.64375 0.45234375 0.02578125 0.06796875
0 0.31484375 0.40078125 0.0328125 0.04765625
0 0.428125 0.45703125 0.034375 0.04921875
0 0.4046875 0.38984375 0.025 0.05390625
0 0.0765625 0.4203125 0.03671875 0.04453125
0 0.13515625 0.49765625 0.028125 0.04453125
0 0.36875 0.459375 0.01875 0.046875