0 0.3953125 0.5984375 0.09765625 0.23359375
0 0.3640625 0.41015625 0.0671875 0.12109375
0 0.0546875 0.453125 0.07109375 0.1515625
0 0.26875 0.3890625 0.04296875 0.0890625
0 0.18125 0.296875 0.03671875 0.0765625
0 0.3078125 0.32421875 0.03515625 0.07890625
0 0.93828125 0.384375 0.040625 0.07109375
0 0.571875 0.321875 0.0203125 0.04453125
0 0.79609375 0.3234375 0.0265625 0.04765625
0 0.71015625 0.40234375 0.0421875 0.08828125
0 0.90546875 0.3234375 0.03046875 0.05078125
0 0.853125 0.528125 0.07109375 0.09296875
0 0.6421875 0.428125 0.0078125 0.05
0 0.009375 0.62734375 0.01796875 0.14296875