0 0.8203125 0.65 0.07890625 0.13046875
0 0.746875 0.47265625 0.04140625 0.08203125
0 0.05 0.45703125 0.02734375 0.071875
0 0.92890625 0.4390625 0.040625 0.06640625
0 0.659375 0.45078125 0.02890625 0.05703125
0 0.071875 0.4125 0.02890625 0.06953125
0 0.50859375 0.44921875 0.0234375 0.04921875
0 0.6421875 0.384375 0.0203125 0.06171875
0 0.7765625 0.42265625 0.025 0.06171875
0 0.56484375 0.60625 0.05546875 0.1046875
0 0.153125 0.78828125 0.02265625 0.1921875
0 0.284375 0.34765625 0.0171875 0.08828125