0 0.765625 0.65390625 0.07734375 0.125
0 0.890625 0.45234375 0.03828125 0.0625
0 0.2390625 0.32421875 0.059375 0.1125
0 0.4109375 0.478125 0.0390625 0.0609375
0 0.709375 0.478125 0.03984375 0.07890625
0 0.628125 0.453125 0.0296875 0.05390625
0 0.01328125 0.4328125 0.02578125 0.06640625
0 0.44375 0.3734375 0.0296875 0.05234375
0 0.6171875 0.3828125 0.028125 0.04609375
0 0.7453125 0.4265625 0.02890625 0.06015625
0 0.03203125 0.38125 0.03203125 0.06171875
0 0.54921875 0.578125 0.021875 0.08671875
0 0.09140625 0.76484375 0.0625 0.18671875