0 0.74609375 0.5734375 0.040625 0.11953125
0 0.80625 0.45390625 0.04296875 0.09140625
0 0.5515625 0.5296875 0.04765625 0.090625
0 0.325 0.36015625 0.03203125 0.05078125
0 0.17109375 0.36953125 0.03671875 0.07890625
0 0.0640625 0.3640625 0.034375 0.05546875
0 0.54453125 0.36640625 0.02421875 0.05078125
0 0.64921875 0.39140625 0.02109375 0.06328125
0 0.75546875 0.3609375 0.02890625 0.07109375
0 0.91796875 0.37734375 0.0359375 0.06953125
0 0.4453125 0.425 0.04140625 0.06640625
0 0.403125 0.3984375 0.028125 0.07109375