0 0.9546875 0.45859375 0.0546875 0.096875
0 0.765625 0.6203125 0.08203125 0.1515625
0 0.40390625 0.46328125 0.0390625 0.07109375
0 0.7265625 0.421875 0.04140625 0.08359375
0 0.8546875 0.39140625 0.03515625 0.0609375
0 0.6046875 0.415625 0.02890625 0.065625
0 0.5125 0.3953125 0.0265625 0.06171875
0 0.29453125 0.43203125 0.0296875 0.05859375
0 0.02109375 0.8171875 0.0421875 0.18046875
0 0.540625 0.6203125 0.04921875 0.08671875
0 0.58828125 0.35078125 0.02421875 0.04140625
0 0.02578125 0.40703125 0.03125 0.03984375
0 0.0125 0.54921875 0.025 0.0890625