0 0.7984375 0.57578125 0.07890625 0.13203125
0 0.05 0.684375 0.1 0.2
0 0.915625 0.396875 0.03984375 0.0765625
0 0.753125 0.4 0.04140625 0.0890625
0 0.4234375 0.40078125 0.0390625 0.065625
0 0.6484375 0.3875 0.02890625 0.05859375
0 0.5484375 0.52109375 0.0484375 0.09453125
0 0.52578125 0.340625 0.02265625 0.05078125
0 0.61875 0.325 0.021875 0.06015625
0 0.31796875 0.34375 0.02578125 0.04453125
0 0.03125 0.4109375 0.059375 0.084375
0 0.38046875 0.43203125 0.03203125 0.04296875
0 0.06953125 0.29140625 0.0125 0.02734375
0 0.728125 0.35546875 0.01015625 0.04765625