0 0.08046875 0.64453125 0.0828125 0.20859375
0 0.7234375 0.5671875 0.053125 0.12890625
0 0.0328125 0.40234375 0.065625 0.1015625
0 0.6546875 0.38671875 0.02890625 0.05703125
0 0.5390625 0.5140625 0.0359375 0.06875
0 0.48125 0.41875 0.034375 0.07734375
0 0.53515625 0.3359375 0.0234375 0.04765625
0 0.625 0.3171875 0.02265625 0.05078125
0 0.89921875 0.3953125 0.03828125 0.06796875
0 0.7328125 0.3640625 0.02890625 0.06484375
0 0.06640625 0.31953125 0.0421875 0.07109375
0 0.76328125 0.39453125 0.034375 0.05390625
0 0.33828125 0.33671875 0.0296875 0.04296875