0 0.7046875 0.60390625 0.0765625 0.13046875
0 0.9328125 0.51640625 0.05234375 0.10859375
0 0.7109375 0.42265625 0.04375 0.06796875
0 0.35234375 0.43515625 0.0390625 0.065625
0 0.584375 0.415625 0.028125 0.06640625
0 0.8375 0.40625 0.03515625 0.065625
0 0.2453125 0.38046875 0.02734375 0.046875
0 0.54921875 0.35234375 0.0203125 0.04609375
0 0.46015625 0.37265625 0.0234375 0.05390625
0 0.6640625 0.39609375 0.0296875 0.06015625
0 0.46796875 0.553125 0.05234375 0.096875
0 0.31171875 0.46640625 0.01328125 0.04765625