0 0.11015625 0.50703125 0.071875 0.128125
0 0.2234375 0.721875 0.10078125 0.209375
0 0.82421875 0.59375 0.075 0.0984375
0 0.9359375 0.34765625 0.03828125 0.07109375
0 0.69453125 0.38671875 0.028125 0.05390625
0 0.3578125 0.340625 0.0265625 0.06015625
0 0.13828125 0.35859375 0.0328125 0.06328125
0 0.603125 0.40625 0.0203125 0.04609375
0 0.7296875 0.31953125 0.02265625 0.05859375
0 0.7953125 0.35859375 0.02890625 0.06015625
0 0.4234375 0.41796875 0.01640625 0.03828125
0 0.44453125 0.42265625 0.0234375 0.034375
0 0.8328125 0.40703125 0.0265625 0.040625